0.396070 0.524450 1.000000
0.642497 0.696667 1.000000
0.872480 0.569043 1.000000
0.582140 0.410612 -1.000000
0.812218 0.953010 1.000000
0.325733 0.575357 1.000000
0.944989 0.887709 1.000000
0.397863 0.312132 -1.000000
0.769748 0.589972 1.000000
0.877158 0.270780 -1.000000
0.861838 0.388808 -1.000000
0.799618 0.535390 1.000000
0.949090 0.230062 -1.000000
0.381019 0.681607 1.000000
0.432915 0.512131 1.000000
0.701305 0.770484 1.000000
0.480857 0.164454 -1.000000
0.173834 0.655963 1.000000
0.401953 0.546122 1.000000
0.344325 0.474272 1.000000
